0.4688936173915863 
0.43679967522621155 
0.422871470451355 
0.3964613676071167 
0.38427233695983887 
0.35516828298568726 
0.33806049823760986 
0.3030087351799011 
0.30893418192863464 
0.3288285434246063 
0.28205108642578125 
0.32210004329681396 
0.3173198103904724 
0.278322696685791 
0.2639150023460388 
0.22756808996200562 
0.2523724436759949 
0.23260539770126343 
0.2588866055011749 
0.24180340766906738 
0.265381783246994 
0.26390114426612854 
0.23166249692440033 
0.2501925230026245 
0.27611222863197327 
0.22953781485557556 
0.2274533212184906 
0.23095440864562988 
0.24382099509239197 
0.21726393699645996 
0.2340690642595291 
0.2592860162258148 
0.20255127549171448 
0.21851396560668945 
0.25527307391166687 
0.2383774220943451 
0.24514244496822357 
0.2732013463973999 
0.24051043391227722 
0.22847780585289001 
0.22323085367679596 
0.22122108936309814 
0.234176903963089 
0.23697121441364288 
0.27380260825157166 
0.21885645389556885 
0.21799297630786896 
0.2466331571340561 
0.24623805284500122 
0.20786139369010925 
0.1965654492378235 
0.2105914205312729 
0.26623448729515076 
0.22245357930660248 
0.21994465589523315 
0.2780851125717163 
0.20286928117275238 
0.21852856874465942 
0.24581313133239746 
0.2148895561695099 
0.2251882702112198 
0.21860796213150024 
0.20075511932373047 
0.22329770028591156 
0.24668362736701965 
0.21113769710063934 
0.227670356631279 
0.19260862469673157 
0.24515551328659058 
0.21496321260929108 
0.2185227870941162 
0.229911670088768 
0.21590682864189148 
0.20273329317569733 
0.2560810446739197 
0.20815367996692657 
0.20557817816734314 
0.19611477851867676 
0.2065945714712143 
0.21556356549263 
0.24457067251205444 
0.22478829324245453 
0.20817157626152039 
0.19489336013793945 
0.2020864337682724 
0.2052234560251236 
0.2178761065006256 
0.20096242427825928 
0.20469629764556885 
0.22077566385269165 
0.20458462834358215 
0.21405182778835297 
0.2224683314561844 
0.2091696709394455 
0.1952415406703949 
0.1957133710384369 
0.226994588971138 
0.18664023280143738 
0.21529124677181244 
0.19917893409729004 
0.14617931842803955 
0.2190527617931366 
0.1766035556793213 
0.2089109718799591 
0.18538159132003784 
0.20457789301872253 
0.18185663223266602 
0.18068741261959076 
0.17537204921245575 
0.16905918717384338 
0.17910785973072052 
0.16660743951797485 
0.1992730051279068 
0.16298002004623413 
0.14927104115486145 
0.18696711957454681 
0.1549595147371292 
0.17139600217342377 
0.14909523725509644 
0.14211758971214294 
0.13556122779846191 
0.12774242460727692 
0.14949533343315125 
0.15345758199691772 
0.14040911197662354 
0.13253949582576752 
0.12946730852127075 
0.13003146648406982 
0.14265675842761993 
0.14761489629745483 
0.12629640102386475 
0.14073844254016876 
0.12490911781787872 
0.13399076461791992 
0.11207308620214462 
0.12642145156860352 
0.1319127082824707 
0.1281139850616455 
0.1433664858341217 
0.12865161895751953 
0.11594153195619583 
0.13723695278167725 
0.10788239538669586 
0.11904068291187286 
0.1148190051317215 
0.11068875342607498 
0.0989578366279602 
0.12001443654298782 
0.10565123707056046 
0.10334868729114532 
0.10853739827871323 
0.10312726348638535 
0.11999509483575821 
0.11583178490400314 
0.10734640061855316 
0.09302335977554321 
0.10964016616344452 
0.11219510436058044 
0.09579673409461975 
0.09691450744867325 
0.09486456960439682 
0.09902162849903107 
0.09895631670951843 
0.09075358510017395 
0.09544865787029266 
0.09961280971765518 
0.10561396926641464 
0.10271604359149933 
0.09447164833545685 
0.10146059840917587 
0.10567118972539902 
0.10661973059177399 
0.1016598716378212 
0.09705325961112976 
0.10166915506124496 
0.10211382806301117 
0.10613430291414261 
0.09068739414215088 
0.0734148696064949 
0.09527824819087982 
0.08838164061307907 
0.07352902740240097 
0.09159186482429504 
0.08032920211553574 
0.08185233920812607 
0.11278036236763 
0.0795392245054245 
0.0843195989727974 
0.08073262870311737 
0.07013696432113647 
0.11125107109546661 
0.08793805539608002 
0.07796099781990051 
0.09111170470714569 
0.07845224440097809 
0.07275154441595078 
0.07246200740337372 
0.07449504733085632 
0.08236280828714371 
0.0782162994146347 
0.07973039895296097 
0.0870487242937088 
0.07665390521287918 
0.0690392553806305 
0.07541003078222275 
0.06020157411694527 
0.0682121217250824 
0.06190192326903343 
0.06098714470863342 
0.06954437494277954 
0.06894685328006744 
0.06348332017660141 
0.07588370144367218 
0.08179450035095215 
0.07460734993219376 
0.05992637947201729 
0.06570839881896973 
0.07439278066158295 
0.058206263929605484 
0.06925907731056213 
0.06382054090499878 
0.06037032604217529 
0.07058747857809067 
0.05773083493113518 
0.06304621696472168 
0.061558984220027924 
0.06408962607383728 
0.06887927651405334 
0.06921340525150299 
0.06178843602538109 
0.06232761591672897 
0.07112498581409454 
0.06452992558479309 
0.052853576838970184 
0.06320635974407196 
0.061167921870946884 
0.05973347648978233 
0.060930199921131134 
0.05123438686132431 
0.050861962139606476 
0.05344530567526817 
0.05506160855293274 
0.0608949214220047 
0.05425586551427841 
0.06279587000608444 
0.05732916295528412 
0.04413025453686714 
0.051041554659605026 
0.057435378432273865 
0.05246446281671524 
0.06109790503978729 
0.06365042179822922 
0.04422659054398537 
0.05193939059972763 
0.05231514200568199 
0.05926946923136711 
0.05266965925693512 
0.049270302057266235 
0.052488382905721664 
0.047358546406030655 
0.054038114845752716 
0.043854571878910065 
0.04157891869544983 
0.04612855240702629 
0.05825120955705643 
0.04638741910457611 
0.05133555084466934 
0.05020291730761528 
0.050019897520542145 
0.05083274096250534 
0.061299726366996765 
0.057559046894311905 
0.059270285069942474 
0.04834859073162079 
0.04775568097829819 
0.046598777174949646 
0.04449576884508133 
0.06008220091462135 
0.04132304713129997 
0.041758570820093155 
0.04867599159479141 
0.049681030213832855 
0.03993482142686844 
0.04608388990163803 
0.04313128814101219 
0.040855854749679565 
0.05036240816116333 
0.03701367974281311 
0.04707225784659386 
0.04926483333110809 
0.04258331283926964 
0.04429611563682556 
0.04393325746059418 
0.04054570943117142 
0.04611882194876671 
0.052673932164907455 
0.05347730964422226 
0.04034979268908501 
0.046108923852443695 
0.049410268664360046 
0.04586898535490036 
0.041066549718379974 
0.053793199360370636 
0.05365661531686783 
0.0481090247631073 
0.04417748749256134 
0.045877858996391296 
0.05393266677856445 
0.04442378878593445 
0.04720888286828995 
0.04262593388557434 
0.04320275038480759 
0.04837643355131149 
0.0427706353366375 
0.04773706570267677 
0.04384559392929077 
0.055093951523303986 
0.04180692508816719 
0.041995540261268616 
0.04346868395805359 
0.04000970721244812 
0.0430641695857048 
0.04199252277612686 
0.046446822583675385 
0.04066941514611244 
0.03665944188833237 
0.042906370013952255 
0.03412458300590515 
0.043924711644649506 
0.0604575015604496 
0.03980961814522743 
0.038050293922424316 
0.05201989412307739 
0.04706262797117233 
0.04190760850906372 
0.04012734815478325 
0.04542999342083931 
0.03399619832634926 
0.04348030313849449 
0.03945401683449745 
0.03364389389753342 
0.049504540860652924 
0.04644467681646347 
0.04941132292151451 
0.04137944430112839 
0.0405343696475029 
0.0335928276181221 
0.032959915697574615 
0.04610491171479225 
0.049355197697877884 
0.05072116106748581 
0.0429498665034771 
0.035079821944236755 
0.026773938909173012 
0.0374840572476387 
0.051072169095277786 
0.04721137881278992 
0.045031093060970306 
0.046206034719944 
0.05462050437927246 
0.04352216050028801 
0.03274248540401459 
0.039617106318473816 
0.029049091041088104 
0.03254425525665283 
0.04615314304828644 
0.04212326928973198 
0.03739821910858154 
0.03470415249466896 
0.036295365542173386 
0.03701333701610565 
0.04250991344451904 
0.03581618517637253 
0.03805785998702049 
0.027702877297997475 
0.03760229051113129 
0.03875845670700073 
0.03943435102701187 
0.03163887932896614 
0.03283103182911873 
0.03269004821777344 
0.03436214104294777 
0.03943152725696564 
0.03505374491214752 
0.03014565259218216 
0.031169801950454712 
0.03528882563114166 
0.032979197800159454 
0.03388933092355728 
0.0376724973320961 
0.04668022692203522 
0.03992564231157303 
0.053213607519865036 
0.03360246121883392 
0.03520764783024788 
0.03688620775938034 
0.03650771081447601 
0.03234100714325905 
0.03798390179872513 
0.04133822023868561 
0.042474620044231415 
0.030598560348153114 
0.03460250049829483 
0.03445844352245331 
0.0392276868224144 
0.04070327803492546 
0.034135036170482635 
0.03479379415512085 
0.03745248168706894 
0.03367622196674347 
0.047147296369075775 
0.03327445685863495 
0.0478331595659256 
0.028348630294203758 
0.04027949273586273 
0.042238879948854446 
0.044099316000938416 
0.03186006844043732 
0.0429987870156765 
0.035313285887241364 
0.031836748123168945 
0.023005656898021698 
0.03365112841129303 
0.026724988594651222 
0.03857455402612686 
0.024742577224969864 
0.02364194020628929 
0.03605269268155098 
0.030071157962083817 
0.03822194039821625 
0.026862047612667084 
0.023925848305225372 
0.03244825825095177 
0.02909534052014351 
0.03285843878984451 
0.03695477545261383 
0.02951917052268982 
0.03909630328416824 
0.03629957139492035 
0.029891487210989 
0.040341056883335114 
0.028049759566783905 
0.029259102419018745 
0.02766788937151432 
0.03332708775997162 
0.031839124858379364 
0.029818005859851837 
0.026968427002429962 
0.03477258235216141 
0.030399151146411896 
0.04182843863964081 
0.030483955517411232 
0.038409117609262466 
0.02702018804848194 
0.029326055198907852 
0.0327255018055439 
0.028714414685964584 
0.03017072007060051 
0.029564615339040756 
0.02968190796673298 
0.031249187886714935 
0.03412056714296341 
0.02430018037557602 
0.024265572428703308 
0.038875170052051544 
0.028883084654808044 
0.03526587784290314 
0.02750270441174507 
0.02779301255941391 
0.028263453394174576 
0.030133191496133804 
0.0310218408703804 
0.035100143402814865 
0.02724151685833931 
0.035038936883211136 
0.030756667256355286 
0.032318487763404846 
0.037290215492248535 
0.03589078411459923 
0.030351312831044197 
0.02612488344311714 
0.02727142907679081 
0.02706039510667324 
0.043006617575883865 
0.028296831995248795 
0.03598330542445183 
0.03390859067440033 
0.031195903196930885 
0.034716784954071045 
0.02823730558156967 
0.03311530128121376 
0.0302679892629385 
0.03652752935886383 
0.03664937615394592 
0.0341155007481575 
0.029550671577453613 
0.033059701323509216 
0.0325653962790966 
0.03130154311656952 
0.03139464929699898 
0.03233131021261215 
0.03267201781272888 
0.026041217148303986 
0.025942176580429077 
0.03724367544054985 
0.02811286598443985 
0.035122811794281006 
0.02932608313858509 
0.03427684307098389 
0.02901667356491089 
0.029860006645321846 
0.03248094394803047 
0.03336561471223831 
0.028500620275735855 
0.027598068118095398 
0.026868904009461403 
0.03469385206699371 
0.03605912998318672 
0.03245003893971443 
0.03445454686880112 
0.025700263679027557 
0.03932996839284897 
0.03283735364675522 
0.024888809770345688 
0.031407203525304794 
0.02784332074224949 
0.025223182514309883 
0.03688710927963257 
0.029367005452513695 
0.025263668969273567 
0.024488240480422974 
0.022059909999370575 
0.027242904528975487 
0.024997815489768982 
0.02314704656600952 
0.030122628435492516 
0.023521076887845993 
0.029279451817274094 
0.03203875944018364 
0.03386678546667099 
0.027597801759839058 
0.03547127917408943 
0.03060394525527954 
0.027837971225380898 
0.029926279559731483 
0.02869245409965515 
0.029477735981345177 
0.027313891798257828 
0.03185870498418808 
0.0371803343296051 
0.019408896565437317 
0.02031106874346733 
0.030286571010947227 
0.03277650102972984 
0.03160015121102333 
0.02641814574599266 
0.029126858338713646 
0.02390401065349579 
0.022998161613941193 
0.02790781855583191 
0.027073517441749573 
0.029774338006973267 
0.027009211480617523 
0.025640131905674934 
0.030180836096405983 
0.030545877292752266 
0.03176635503768921 
0.025232549756765366 
0.0317780002951622 
0.03077653795480728 
0.03021255135536194 
0.028471922501921654 
0.023514514788985252 
0.024200189858675003 
0.02782476507127285 
0.019374631345272064 
0.023277871310710907 
0.02649952657520771 
0.027367794886231422 
0.030029775574803352 
0.021608013659715652 
0.028735479339957237 
0.022942764684557915 
0.025244470685720444 
0.030080370604991913 
0.021369725465774536 
0.023312266916036606 
0.021139074116945267 
0.02532852441072464 
0.022165557369589806 
0.026682425290346146 
0.021577902138233185 
0.023006826639175415 
0.025360524654388428 
0.03226799890398979 
0.0256880484521389 
0.02983997017145157 
0.0227750763297081 
0.028656968846917152 
0.023026183247566223 
0.028737880289554596 
0.02885473519563675 
0.03074732795357704 
0.035905465483665466 
0.049585819244384766 
0.04725602641701698 
0.03928568959236145 
0.019964369013905525 
0.050602976232767105 
0.07205528765916824 
0.056912682950496674 
0.062354836612939835 
0.08634836971759796 
0.07945386320352554 
0.07540211826562881 
0.11765669286251068 
0.10320985317230225 
0.07970073074102402 
0.05879325792193413 
0.08518309146165848 
0.0698108896613121 
0.06894678622484207 
0.09741970896720886 
0.05545462667942047 
0.07476276159286499 
0.10696682333946228 
0.1293226033449173 
0.09186984598636627 
0.11622831225395203 
0.09331807494163513 
0.1172991618514061 
0.07370515167713165 
0.0845491960644722 
0.06929938495159149 
0.1377195119857788 
0.08112607896327972 
0.09484000504016876 
0.07328544557094574 
0.10897490382194519 
0.11500599980354309 
0.10096986591815948 
0.08587107062339783 
0.08339866995811462 
0.10420188307762146 
0.09044066816568375 
0.11540789157152176 
0.11784686148166656 
0.06527041643857956 
0.08745298534631729 
0.06504541635513306 
0.07455550134181976 
0.08915148675441742 
0.10375285148620605 
0.11007453501224518 
0.09562676399946213 
0.1133844256401062 
0.10287503898143768 
0.07528804987668991 
0.10039111226797104 
0.08880580216646194 
0.07091820985078812 
0.09633729606866837 
0.08327525109052658 
0.09685537219047546 
0.10024379193782806 
0.09022983908653259 
0.08033351600170135 
0.07560078799724579 
0.06203623116016388 
0.09224973618984222 
0.06764253973960876 
0.09597580134868622 
0.06556862592697144 
0.0725887194275856 
0.08261504024267197 
0.06601488590240479 
0.10371111333370209 
0.06779623031616211 
0.07697681337594986 
0.06882292032241821 
0.05535884201526642 
0.06557022035121918 
0.06695294380187988 
0.07156355679035187 
0.07858516275882721 
0.07327193021774292 
0.061532750725746155 
0.06788579374551773 
0.040977589786052704 
0.057598553597927094 
0.05924011766910553 
0.06838880479335785 
0.06759694963693619 
0.06735940277576447 
0.04980846121907234 
0.04624681919813156 
0.05155963450670242 
0.04845909774303436 
0.03278328850865364 
0.059181906282901764 
0.030305707827210426 
0.06770728528499603 
0.052400682121515274 
0.03804672509431839 
0.04856120049953461 
0.04396887868642807 
0.03436288610100746 
0.047160856425762177 
0.0390620082616806 
0.04295521229505539 
0.02694077044725418 
0.02815573662519455 
0.028751378878951073 
0.029298728331923485 
0.03977169096469879 
0.036308880895376205 
0.028385043144226074 
0.03242594003677368 
0.03280918300151825 
0.027453279122710228 
0.03748929873108864 
0.03736282140016556 
0.03634725511074066 
0.04062630236148834 
0.029141249135136604 
0.0342862568795681 
0.033028073608875275 
0.020804643630981445 
0.03394424915313721 
0.04373367875814438 
0.03586551919579506 
0.019490834325551987 
0.03158339485526085 
0.0365370512008667 
0.03363270312547684 
0.030907027423381805 
0.030986452475190163 
0.03117312677204609 
0.03398383408784866 
0.025961538776755333 
0.04136501997709274 
0.02878381870687008 
0.0408768467605114 
0.028444070369005203 
0.037152353674173355 
0.03641077131032944 
0.027779310941696167 
0.028405727818608284 
0.03186098113656044 
0.029709937050938606 
0.03495124354958534 
0.029584545642137527 
0.028524713590741158 
0.027401356026530266 
0.03765879571437836 
0.027486581355333328 
0.03141395002603531 
0.033920496702194214 
0.03194956108927727 
0.030855480581521988 
0.02944689616560936 
0.03280291706323624 
0.029238879680633545 
0.03628402203321457 
0.032826367765665054 
0.034469205886125565 
0.03500492870807648 
0.022610768675804138 
0.02606816589832306 
0.02508527971804142 
0.030472133308649063 
0.027555294334888458 
0.032416898757219315 
0.026070430874824524 
0.02894645743072033 
0.030086340382695198 
0.026857037097215652 
0.022449925541877747 
0.03405602648854256 
0.02854878641664982 
0.024302665144205093 
0.026331491768360138 
0.030589336529374123 
0.027658820152282715 
0.031057197600603104 
0.033374663442373276 
0.02528475411236286 
0.030856885015964508 
0.02285047620534897 
0.029439374804496765 
0.02946304902434349 
0.026212461292743683 
0.03736312314867973 
0.021179907023906708 
0.02603304013609886 
0.029126234352588654 
0.02485036849975586 
0.023771066218614578 
0.028157120570540428 
0.03121587634086609 
0.03153122961521149 
0.0274933073669672 
0.023358486592769623 
0.03787367045879364 
0.03514691814780235 
0.040589749813079834 
0.0465790219604969 
0.05265066400170326 
0.03881648927927017 
0.0385085865855217 
0.030332697555422783 
0.03715512529015541 
0.08645881712436676 
0.05967375636100769 
0.04909828305244446 
0.058691997081041336 
0.06118496507406235 
0.04260125756263733 
0.056831344962120056 
0.05427204817533493 
0.07870150357484818 
0.04713913053274155 
0.06541299819946289 
0.056640028953552246 
0.046638600528240204 
0.06611882895231247 
0.05339756980538368 
0.06799256801605225 
0.07554417848587036 
0.07038542628288269 
0.06868533790111542 
0.06434108316898346 
0.07096369564533234 
0.0754486545920372 
0.06573310494422913 
0.07723386585712433 
0.08779594302177429 
0.09876959025859833 
0.08374033868312836 
0.06441088020801544 
0.09395453333854675 
0.07901427894830704 
0.057197779417037964 
0.07169853150844574 
0.07296568155288696 
0.07546677440404892 
0.07059979438781738 
0.08056364953517914 
0.07987764477729797 
0.07408572733402252 
0.10443689674139023 
0.07860924303531647 
0.0833844318985939 
0.07311177998781204 
0.09486234933137894 
0.06781989336013794 
0.06796622276306152 
0.08351307362318039 
0.07825164496898651 
0.08084437251091003 
0.0830310508608818 
0.05474293977022171 
0.07031984627246857 
0.10328398644924164 
0.08649690449237823 
0.06634633243083954 
0.08342795819044113 
0.07131853699684143 
0.06597396731376648 
0.05765947699546814 
0.07418981194496155 
0.07504463940858841 
0.07706461101770401 
0.06816823780536652 
0.05797431990504265 
0.09889466315507889 
0.08440480381250381 
0.08063802868127823 
0.06315548717975616 
0.06896184384822845 
0.09217597544193268 
0.0660567432641983 
0.05423984304070473 
0.0756094828248024 
0.05391346290707588 
0.06718015670776367 
0.05971301719546318 
0.05874163657426834 
0.06586741656064987 
0.06750789284706116 
0.052519671618938446 
0.05730806291103363 
0.04106767475605011 
0.06365963816642761 
0.062045544385910034 
0.04505613446235657 
0.04418623819947243 
0.04850099980831146 
0.039829958230257034 
0.042345959693193436 
0.056504711508750916 
0.046899713575839996 
0.03527379035949707 
0.056883931159973145 
0.04505780339241028 
0.052036695182323456 
0.039449065923690796 
0.05999991297721863 
0.03415440395474434 
0.04325267672538757 
0.0529886856675148 
0.03492981940507889 
0.04664233326911926 
0.03435216099023819 
0.040853261947631836 
0.03925231471657753 
0.03606017306447029 
0.04085414484143257 
0.03679906576871872 
0.03919529914855957 
0.037463605403900146 
0.03294040262699127 
0.03843086585402489 
0.028644626960158348 
0.0496000200510025 
0.02811812236905098 
0.036337822675704956 
0.026075908914208412 
0.0314236544072628 
0.03016042523086071 
0.018721744418144226 
0.03083602711558342 
0.026911169290542603 
0.02803904376924038 
0.030649827793240547 
0.030641069635748863 
0.04696837440133095 
0.035337693989276886 
0.030840322375297546 
0.02925807610154152 
0.025181153789162636 
0.034362033009529114 
0.03186088800430298 
0.03356291353702545 
0.03176704794168472 
0.027044128626585007 
0.029889056459069252 
0.031030215322971344 
0.031437650322914124 
0.02381366677582264 
0.0338028147816658 
0.03084225207567215 
0.027883581817150116 
0.029821552336215973 
0.03292113170027733 
0.02719348482787609 
0.030639545992016792 
0.02408529818058014 
0.0365477092564106 
0.029547298327088356 
0.032576169818639755 
0.019885122776031494 
0.02618856355547905 
0.03011259064078331 
0.03311187028884888 
0.033224742859601974 
0.022704176604747772 
0.02889271080493927 
0.02478264831006527 
0.021986011415719986 
0.03102337010204792 
0.02770414762198925 
0.030559837818145752 
0.026541128754615784 
0.02300298400223255 
0.03231649473309517 
0.028005190193653107 
0.024317903444170952 
0.028866956010460854 
0.02802130952477455 
0.02931481972336769 
0.02903616614639759 
0.024971412494778633 
0.03438307344913483 
0.02153121680021286 
0.026147745549678802 
0.033191051334142685 
0.027996763586997986 
0.030701810494065285 
0.03388167917728424 
0.023771028965711594 
0.023796893656253815 
0.027803320437669754 
0.03134623169898987 
0.03184056282043457 
0.02717352844774723 
0.028714582324028015 
0.021670259535312653 
0.033336929976940155 
0.02602803334593773 
