# x	y
0.000000000000000000e+00	4.688936173915863037e-01
1.000000000000000000e+01	4.367996752262115479e-01
2.000000000000000000e+01	4.228714704513549805e-01
3.000000000000000000e+01	3.964613676071166992e-01
4.000000000000000000e+01	3.842723369598388672e-01
5.000000000000000000e+01	3.551682829856872559e-01
6.000000000000000000e+01	3.380604982376098633e-01
7.000000000000000000e+01	3.030087351799011230e-01
8.000000000000000000e+01	3.089341819286346436e-01
9.000000000000000000e+01	3.288285434246063232e-01
1.000000000000000000e+02	2.820510864257812500e-01
1.100000000000000000e+02	3.221000432968139648e-01
1.200000000000000000e+02	3.173198103904724121e-01
1.300000000000000000e+02	2.783226966857910156e-01
1.400000000000000000e+02	2.639150023460388184e-01
1.500000000000000000e+02	2.275680899620056152e-01
1.600000000000000000e+02	2.523724436759948730e-01
1.700000000000000000e+02	2.326053977012634277e-01
1.800000000000000000e+02	2.588866055011749268e-01
1.900000000000000000e+02	2.418034076690673828e-01
2.000000000000000000e+02	2.653817832469940186e-01
2.100000000000000000e+02	2.639011442661285400e-01
2.200000000000000000e+02	2.316624969244003296e-01
2.300000000000000000e+02	2.501925230026245117e-01
2.400000000000000000e+02	2.761122286319732666e-01
2.500000000000000000e+02	2.295378148555755615e-01
2.600000000000000000e+02	2.274533212184906006e-01
2.700000000000000000e+02	2.309544086456298828e-01
2.800000000000000000e+02	2.438209950923919678e-01
2.900000000000000000e+02	2.172639369964599609e-01
3.000000000000000000e+02	2.340690642595291138e-01
3.100000000000000000e+02	2.592860162258148193e-01
3.200000000000000000e+02	2.025512754917144775e-01
3.300000000000000000e+02	2.185139656066894531e-01
3.400000000000000000e+02	2.552730739116668701e-01
3.500000000000000000e+02	2.383774220943450928e-01
3.600000000000000000e+02	2.451424449682235718e-01
3.700000000000000000e+02	2.732013463973999023e-01
3.800000000000000000e+02	2.405104339122772217e-01
3.900000000000000000e+02	2.284778058528900146e-01
4.000000000000000000e+02	2.232308536767959595e-01
4.100000000000000000e+02	2.212210893630981445e-01
4.200000000000000000e+02	2.341769039630889893e-01
4.300000000000000000e+02	2.369712144136428833e-01
4.400000000000000000e+02	2.738026082515716553e-01
4.500000000000000000e+02	2.188564538955688477e-01
4.600000000000000000e+02	2.179929763078689575e-01
4.700000000000000000e+02	2.466331571340560913e-01
4.800000000000000000e+02	2.462380528450012207e-01
4.900000000000000000e+02	2.078613936901092529e-01
5.000000000000000000e+02	1.965654492378234863e-01
5.100000000000000000e+02	2.105914205312728882e-01
5.200000000000000000e+02	2.662344872951507568e-01
5.300000000000000000e+02	2.224535793066024780e-01
5.400000000000000000e+02	2.199446558952331543e-01
5.500000000000000000e+02	2.780851125717163086e-01
5.600000000000000000e+02	2.028692811727523804e-01
5.700000000000000000e+02	2.185285687446594238e-01
5.800000000000000000e+02	2.458131313323974609e-01
5.900000000000000000e+02	2.148895561695098877e-01
6.000000000000000000e+02	2.251882702112197876e-01
6.100000000000000000e+02	2.186079621315002441e-01
6.200000000000000000e+02	2.007551193237304688e-01
6.300000000000000000e+02	2.232977002859115601e-01
6.400000000000000000e+02	2.466836273670196533e-01
6.500000000000000000e+02	2.111376971006393433e-01
6.600000000000000000e+02	2.276703566312789917e-01
6.700000000000000000e+02	1.926086246967315674e-01
6.800000000000000000e+02	2.451555132865905762e-01
6.900000000000000000e+02	2.149632126092910767e-01
7.000000000000000000e+02	2.185227870941162109e-01
7.100000000000000000e+02	2.299116700887680054e-01
7.200000000000000000e+02	2.159068286418914795e-01
7.300000000000000000e+02	2.027332931756973267e-01
7.400000000000000000e+02	2.560810446739196777e-01
7.500000000000000000e+02	2.081536799669265747e-01
7.600000000000000000e+02	2.055781781673431396e-01
7.700000000000000000e+02	1.961147785186767578e-01
7.800000000000000000e+02	2.065945714712142944e-01
7.900000000000000000e+02	2.155635654926300049e-01
8.000000000000000000e+02	2.445706725120544434e-01
8.100000000000000000e+02	2.247882932424545288e-01
8.200000000000000000e+02	2.081715762615203857e-01
8.300000000000000000e+02	1.948933601379394531e-01
8.400000000000000000e+02	2.020864337682723999e-01
8.500000000000000000e+02	2.052234560251235962e-01
8.600000000000000000e+02	2.178761065006256104e-01
8.700000000000000000e+02	2.009624242782592773e-01
8.800000000000000000e+02	2.046962976455688477e-01
8.900000000000000000e+02	2.207756638526916504e-01
9.000000000000000000e+02	2.045846283435821533e-01
9.100000000000000000e+02	2.140518277883529663e-01
9.200000000000000000e+02	2.224683314561843872e-01
9.300000000000000000e+02	2.091696709394454956e-01
9.400000000000000000e+02	1.952415406703948975e-01
9.500000000000000000e+02	1.957133710384368896e-01
9.600000000000000000e+02	2.269945889711380005e-01
9.700000000000000000e+02	1.866402328014373779e-01
9.800000000000000000e+02	2.152912467718124390e-01
9.900000000000000000e+02	1.991789340972900391e-01
1.000000000000000000e+03	1.461793184280395508e-01
1.010000000000000000e+03	2.190527617931365967e-01
1.020000000000000000e+03	1.766035556793212891e-01
1.030000000000000000e+03	2.089109718799591064e-01
1.040000000000000000e+03	1.853815913200378418e-01
1.050000000000000000e+03	2.045778930187225342e-01
1.060000000000000000e+03	1.818566322326660156e-01
1.070000000000000000e+03	1.806874126195907593e-01
1.080000000000000000e+03	1.753720492124557495e-01
1.090000000000000000e+03	1.690591871738433838e-01
1.100000000000000000e+03	1.791078597307205200e-01
1.110000000000000000e+03	1.666074395179748535e-01
1.120000000000000000e+03	1.992730051279067993e-01
1.130000000000000000e+03	1.629800200462341309e-01
1.140000000000000000e+03	1.492710411548614502e-01
1.150000000000000000e+03	1.869671195745468140e-01
1.160000000000000000e+03	1.549595147371292114e-01
1.170000000000000000e+03	1.713960021734237671e-01
1.180000000000000000e+03	1.490952372550964355e-01
1.190000000000000000e+03	1.421175897121429443e-01
1.200000000000000000e+03	1.355612277984619141e-01
1.210000000000000000e+03	1.277424246072769165e-01
1.220000000000000000e+03	1.494953334331512451e-01
1.230000000000000000e+03	1.534575819969177246e-01
1.240000000000000000e+03	1.404091119766235352e-01
1.250000000000000000e+03	1.325394958257675171e-01
1.260000000000000000e+03	1.294673085212707520e-01
1.270000000000000000e+03	1.300314664840698242e-01
1.280000000000000000e+03	1.426567584276199341e-01
1.290000000000000000e+03	1.476148962974548340e-01
1.300000000000000000e+03	1.262964010238647461e-01
1.310000000000000000e+03	1.407384425401687622e-01
1.320000000000000000e+03	1.249091178178787231e-01
1.330000000000000000e+03	1.339907646179199219e-01
1.340000000000000000e+03	1.120730862021446228e-01
1.350000000000000000e+03	1.264214515686035156e-01
1.360000000000000000e+03	1.319127082824707031e-01
1.370000000000000000e+03	1.281139850616455078e-01
1.380000000000000000e+03	1.433664858341217041e-01
1.390000000000000000e+03	1.286516189575195312e-01
1.400000000000000000e+03	1.159415319561958313e-01
1.410000000000000000e+03	1.372369527816772461e-01
1.420000000000000000e+03	1.078823953866958618e-01
1.430000000000000000e+03	1.190406829118728638e-01
1.440000000000000000e+03	1.148190051317214966e-01
1.450000000000000000e+03	1.106887534260749817e-01
1.460000000000000000e+03	9.895783662796020508e-02
1.470000000000000000e+03	1.200144365429878235e-01
1.480000000000000000e+03	1.056512370705604553e-01
1.490000000000000000e+03	1.033486872911453247e-01
1.500000000000000000e+03	1.085373982787132263e-01
1.510000000000000000e+03	1.031272634863853455e-01
1.520000000000000000e+03	1.199950948357582092e-01
1.530000000000000000e+03	1.158317849040031433e-01
1.540000000000000000e+03	1.073464006185531616e-01
1.550000000000000000e+03	9.302335977554321289e-02
1.560000000000000000e+03	1.096401661634445190e-01
1.570000000000000000e+03	1.121951043605804443e-01
1.580000000000000000e+03	9.579673409461975098e-02
1.590000000000000000e+03	9.691450744867324829e-02
1.600000000000000000e+03	9.486456960439682007e-02
1.610000000000000000e+03	9.902162849903106689e-02
1.620000000000000000e+03	9.895631670951843262e-02
1.630000000000000000e+03	9.075358510017395020e-02
1.640000000000000000e+03	9.544865787029266357e-02
1.650000000000000000e+03	9.961280971765518188e-02
1.660000000000000000e+03	1.056139692664146423e-01
1.670000000000000000e+03	1.027160435914993286e-01
1.680000000000000000e+03	9.447164833545684814e-02
1.690000000000000000e+03	1.014605984091758728e-01
1.700000000000000000e+03	1.056711897253990173e-01
1.710000000000000000e+03	1.066197305917739868e-01
1.720000000000000000e+03	1.016598716378211975e-01
1.730000000000000000e+03	9.705325961112976074e-02
1.740000000000000000e+03	1.016691550612449646e-01
1.750000000000000000e+03	1.021138280630111694e-01
1.760000000000000000e+03	1.061343029141426086e-01
1.770000000000000000e+03	9.068739414215087891e-02
1.780000000000000000e+03	7.341486960649490356e-02
1.790000000000000000e+03	9.527824819087982178e-02
1.800000000000000000e+03	8.838164061307907104e-02
1.810000000000000000e+03	7.352902740240097046e-02
1.820000000000000000e+03	9.159186482429504395e-02
1.830000000000000000e+03	8.032920211553573608e-02
1.840000000000000000e+03	8.185233920812606812e-02
1.850000000000000000e+03	1.127803623676300049e-01
1.860000000000000000e+03	7.953922450542449951e-02
1.870000000000000000e+03	8.431959897279739380e-02
1.880000000000000000e+03	8.073262870311737061e-02
1.890000000000000000e+03	7.013696432113647461e-02
1.900000000000000000e+03	1.112510710954666138e-01
1.910000000000000000e+03	8.793805539608001709e-02
1.920000000000000000e+03	7.796099781990051270e-02
1.930000000000000000e+03	9.111170470714569092e-02
1.940000000000000000e+03	7.845224440097808838e-02
1.950000000000000000e+03	7.275154441595077515e-02
1.960000000000000000e+03	7.246200740337371826e-02
1.970000000000000000e+03	7.449504733085632324e-02
1.980000000000000000e+03	8.236280828714370728e-02
1.990000000000000000e+03	7.821629941463470459e-02
2.000000000000000000e+03	7.973039895296096802e-02
2.010000000000000000e+03	8.704872429370880127e-02
2.020000000000000000e+03	7.665390521287918091e-02
2.030000000000000000e+03	6.903925538063049316e-02
2.040000000000000000e+03	7.541003078222274780e-02
2.050000000000000000e+03	6.020157411694526672e-02
2.060000000000000000e+03	6.821212172508239746e-02
2.070000000000000000e+03	6.190192326903343201e-02
2.080000000000000000e+03	6.098714470863342285e-02
2.090000000000000000e+03	6.954437494277954102e-02
2.100000000000000000e+03	6.894685328006744385e-02
2.110000000000000000e+03	6.348332017660140991e-02
2.120000000000000000e+03	7.588370144367218018e-02
2.130000000000000000e+03	8.179450035095214844e-02
2.140000000000000000e+03	7.460734993219375610e-02
2.150000000000000000e+03	5.992637947201728821e-02
2.160000000000000000e+03	6.570839881896972656e-02
2.170000000000000000e+03	7.439278066158294678e-02
2.180000000000000000e+03	5.820626392960548401e-02
2.190000000000000000e+03	6.925907731056213379e-02
2.200000000000000000e+03	6.382054090499877930e-02
2.210000000000000000e+03	6.037032604217529297e-02
2.220000000000000000e+03	7.058747857809066772e-02
2.230000000000000000e+03	5.773083493113517761e-02
2.240000000000000000e+03	6.304621696472167969e-02
2.250000000000000000e+03	6.155898422002792358e-02
2.260000000000000000e+03	6.408962607383728027e-02
2.270000000000000000e+03	6.887927651405334473e-02
2.280000000000000000e+03	6.921340525150299072e-02
2.290000000000000000e+03	6.178843602538108826e-02
2.300000000000000000e+03	6.232761591672897339e-02
2.310000000000000000e+03	7.112498581409454346e-02
2.320000000000000000e+03	6.452992558479309082e-02
2.330000000000000000e+03	5.285357683897018433e-02
2.340000000000000000e+03	6.320635974407196045e-02
2.350000000000000000e+03	6.116792187094688416e-02
2.360000000000000000e+03	5.973347648978233337e-02
2.370000000000000000e+03	6.093019992113113403e-02
2.380000000000000000e+03	5.123438686132431030e-02
2.390000000000000000e+03	5.086196213960647583e-02
2.400000000000000000e+03	5.344530567526817322e-02
2.410000000000000000e+03	5.506160855293273926e-02
2.420000000000000000e+03	6.089492142200469971e-02
2.430000000000000000e+03	5.425586551427841187e-02
2.440000000000000000e+03	6.279587000608444214e-02
2.450000000000000000e+03	5.732916295528411865e-02
2.460000000000000000e+03	4.413025453686714172e-02
2.470000000000000000e+03	5.104155465960502625e-02
2.480000000000000000e+03	5.743537843227386475e-02
2.490000000000000000e+03	5.246446281671524048e-02
2.500000000000000000e+03	6.109790503978729248e-02
2.510000000000000000e+03	6.365042179822921753e-02
2.520000000000000000e+03	4.422659054398536682e-02
2.530000000000000000e+03	5.193939059972763062e-02
2.540000000000000000e+03	5.231514200568199158e-02
2.550000000000000000e+03	5.926946923136711121e-02
2.560000000000000000e+03	5.266965925693511963e-02
2.570000000000000000e+03	4.927030205726623535e-02
2.580000000000000000e+03	5.248838290572166443e-02
2.590000000000000000e+03	4.735854640603065491e-02
2.600000000000000000e+03	5.403811484575271606e-02
2.610000000000000000e+03	4.385457187891006470e-02
2.620000000000000000e+03	4.157891869544982910e-02
2.630000000000000000e+03	4.612855240702629089e-02
2.640000000000000000e+03	5.825120955705642700e-02
2.650000000000000000e+03	4.638741910457611084e-02
2.660000000000000000e+03	5.133555084466934204e-02
2.670000000000000000e+03	5.020291730761528015e-02
2.680000000000000000e+03	5.001989752054214478e-02
2.690000000000000000e+03	5.083274096250534058e-02
2.700000000000000000e+03	6.129972636699676514e-02
2.710000000000000000e+03	5.755904689431190491e-02
2.720000000000000000e+03	5.927028506994247437e-02
2.730000000000000000e+03	4.834859073162078857e-02
2.740000000000000000e+03	4.775568097829818726e-02
2.750000000000000000e+03	4.659877717494964600e-02
2.760000000000000000e+03	4.449576884508132935e-02
2.770000000000000000e+03	6.008220091462135315e-02
2.780000000000000000e+03	4.132304713129997253e-02
2.790000000000000000e+03	4.175857082009315491e-02
2.800000000000000000e+03	4.867599159479141235e-02
2.810000000000000000e+03	4.968103021383285522e-02
2.820000000000000000e+03	3.993482142686843872e-02
2.830000000000000000e+03	4.608388990163803101e-02
2.840000000000000000e+03	4.313128814101219177e-02
2.850000000000000000e+03	4.085585474967956543e-02
2.860000000000000000e+03	5.036240816116333008e-02
2.870000000000000000e+03	3.701367974281311035e-02
2.880000000000000000e+03	4.707225784659385681e-02
2.890000000000000000e+03	4.926483333110809326e-02
2.900000000000000000e+03	4.258331283926963806e-02
2.910000000000000000e+03	4.429611563682556152e-02
2.920000000000000000e+03	4.393325746059417725e-02
2.930000000000000000e+03	4.054570943117141724e-02
2.940000000000000000e+03	4.611882194876670837e-02
2.950000000000000000e+03	5.267393216490745544e-02
2.960000000000000000e+03	5.347730964422225952e-02
2.970000000000000000e+03	4.034979268908500671e-02
2.980000000000000000e+03	4.610892385244369507e-02
2.990000000000000000e+03	4.941026866436004639e-02
3.000000000000000000e+03	4.586898535490036011e-02
3.010000000000000000e+03	4.106654971837997437e-02
3.020000000000000000e+03	5.379319936037063599e-02
3.030000000000000000e+03	5.365661531686782837e-02
3.040000000000000000e+03	4.810902476310729980e-02
3.050000000000000000e+03	4.417748749256134033e-02
3.060000000000000000e+03	4.587785899639129639e-02
3.070000000000000000e+03	5.393266677856445312e-02
3.080000000000000000e+03	4.442378878593444824e-02
3.090000000000000000e+03	4.720888286828994751e-02
3.100000000000000000e+03	4.262593388557434082e-02
3.110000000000000000e+03	4.320275038480758667e-02
3.120000000000000000e+03	4.837643355131149292e-02
3.130000000000000000e+03	4.277063533663749695e-02
3.140000000000000000e+03	4.773706570267677307e-02
3.150000000000000000e+03	4.384559392929077148e-02
3.160000000000000000e+03	5.509395152330398560e-02
3.170000000000000000e+03	4.180692508816719055e-02
3.180000000000000000e+03	4.199554026126861572e-02
3.190000000000000000e+03	4.346868395805358887e-02
3.200000000000000000e+03	4.000970721244812012e-02
3.210000000000000000e+03	4.306416958570480347e-02
3.220000000000000000e+03	4.199252277612686157e-02
3.230000000000000000e+03	4.644682258367538452e-02
3.240000000000000000e+03	4.066941514611244202e-02
3.250000000000000000e+03	3.665944188833236694e-02
3.260000000000000000e+03	4.290637001395225525e-02
3.270000000000000000e+03	3.412458300590515137e-02
3.280000000000000000e+03	4.392471164464950562e-02
3.290000000000000000e+03	6.045750156044960022e-02
3.300000000000000000e+03	3.980961814522743225e-02
3.310000000000000000e+03	3.805029392242431641e-02
3.320000000000000000e+03	5.201989412307739258e-02
3.330000000000000000e+03	4.706262797117233276e-02
3.340000000000000000e+03	4.190760850906372070e-02
3.350000000000000000e+03	4.012734815478324890e-02
3.360000000000000000e+03	4.542999342083930969e-02
3.370000000000000000e+03	3.399619832634925842e-02
3.380000000000000000e+03	4.348030313849449158e-02
3.390000000000000000e+03	3.945401683449745178e-02
3.400000000000000000e+03	3.364389389753341675e-02
3.410000000000000000e+03	4.950454086065292358e-02
3.420000000000000000e+03	4.644467681646347046e-02
3.430000000000000000e+03	4.941132292151451111e-02
3.440000000000000000e+03	4.137944430112838745e-02
3.450000000000000000e+03	4.053436964750289917e-02
3.460000000000000000e+03	3.359282761812210083e-02
3.470000000000000000e+03	3.295991569757461548e-02
3.480000000000000000e+03	4.610491171479225159e-02
3.490000000000000000e+03	4.935519769787788391e-02
3.500000000000000000e+03	5.072116106748580933e-02
3.510000000000000000e+03	4.294986650347709656e-02
3.520000000000000000e+03	3.507982194423675537e-02
3.530000000000000000e+03	2.677393890917301178e-02
3.540000000000000000e+03	3.748405724763870239e-02
3.550000000000000000e+03	5.107216909527778625e-02
3.560000000000000000e+03	4.721137881278991699e-02
3.570000000000000000e+03	4.503109306097030640e-02
3.580000000000000000e+03	4.620603471994400024e-02
3.590000000000000000e+03	5.462050437927246094e-02
3.600000000000000000e+03	4.352216050028800964e-02
3.610000000000000000e+03	3.274248540401458740e-02
3.620000000000000000e+03	3.961710631847381592e-02
3.630000000000000000e+03	2.904909104108810425e-02
3.640000000000000000e+03	3.254425525665283203e-02
3.650000000000000000e+03	4.615314304828643799e-02
3.660000000000000000e+03	4.212326928973197937e-02
3.670000000000000000e+03	3.739821910858154297e-02
3.680000000000000000e+03	3.470415249466896057e-02
3.690000000000000000e+03	3.629536554217338562e-02
3.700000000000000000e+03	3.701333701610565186e-02
3.710000000000000000e+03	4.250991344451904297e-02
3.720000000000000000e+03	3.581618517637252808e-02
3.730000000000000000e+03	3.805785998702049255e-02
3.740000000000000000e+03	2.770287729799747467e-02
3.750000000000000000e+03	3.760229051113128662e-02
3.760000000000000000e+03	3.875845670700073242e-02
3.770000000000000000e+03	3.943435102701187134e-02
3.780000000000000000e+03	3.163887932896614075e-02
3.790000000000000000e+03	3.283103182911872864e-02
3.800000000000000000e+03	3.269004821777343750e-02
3.810000000000000000e+03	3.436214104294776917e-02
3.820000000000000000e+03	3.943152725696563721e-02
3.830000000000000000e+03	3.505374491214752197e-02
3.840000000000000000e+03	3.014565259218215942e-02
3.850000000000000000e+03	3.116980195045471191e-02
3.860000000000000000e+03	3.528882563114166260e-02
3.870000000000000000e+03	3.297919780015945435e-02
3.880000000000000000e+03	3.388933092355728149e-02
3.890000000000000000e+03	3.767249733209609985e-02
3.900000000000000000e+03	4.668022692203521729e-02
3.910000000000000000e+03	3.992564231157302856e-02
3.920000000000000000e+03	5.321360751986503601e-02
3.930000000000000000e+03	3.360246121883392334e-02
3.940000000000000000e+03	3.520764783024787903e-02
3.950000000000000000e+03	3.688620775938034058e-02
3.960000000000000000e+03	3.650771081447601318e-02
3.970000000000000000e+03	3.234100714325904846e-02
3.980000000000000000e+03	3.798390179872512817e-02
3.990000000000000000e+03	4.133822023868560791e-02
4.000000000000000000e+03	4.247462004423141479e-02
4.010000000000000000e+03	3.059856034815311432e-02
4.020000000000000000e+03	3.460250049829483032e-02
4.030000000000000000e+03	3.445844352245330811e-02
4.040000000000000000e+03	3.922768682241439819e-02
4.050000000000000000e+03	4.070327803492546082e-02
4.060000000000000000e+03	3.413503617048263550e-02
4.070000000000000000e+03	3.479379415512084961e-02
4.080000000000000000e+03	3.745248168706893921e-02
4.090000000000000000e+03	3.367622196674346924e-02
4.100000000000000000e+03	4.714729636907577515e-02
4.110000000000000000e+03	3.327445685863494873e-02
4.120000000000000000e+03	4.783315956592559814e-02
4.130000000000000000e+03	2.834863029420375824e-02
4.140000000000000000e+03	4.027949273586273193e-02
4.150000000000000000e+03	4.223887994885444641e-02
4.160000000000000000e+03	4.409931600093841553e-02
4.170000000000000000e+03	3.186006844043731689e-02
4.180000000000000000e+03	4.299878701567649841e-02
4.190000000000000000e+03	3.531328588724136353e-02
4.200000000000000000e+03	3.183674812316894531e-02
4.210000000000000000e+03	2.300565689802169800e-02
4.220000000000000000e+03	3.365112841129302979e-02
4.230000000000000000e+03	2.672498859465122223e-02
4.240000000000000000e+03	3.857455402612686157e-02
4.250000000000000000e+03	2.474257722496986389e-02
4.260000000000000000e+03	2.364194020628929138e-02
4.270000000000000000e+03	3.605269268155097961e-02
4.280000000000000000e+03	3.007115796208381653e-02
4.290000000000000000e+03	3.822194039821624756e-02
4.300000000000000000e+03	2.686204761266708374e-02
4.310000000000000000e+03	2.392584830522537231e-02
4.320000000000000000e+03	3.244825825095176697e-02
4.330000000000000000e+03	2.909534052014350891e-02
4.340000000000000000e+03	3.285843878984451294e-02
4.350000000000000000e+03	3.695477545261383057e-02
4.360000000000000000e+03	2.951917052268981934e-02
4.370000000000000000e+03	3.909630328416824341e-02
4.380000000000000000e+03	3.629957139492034912e-02
4.390000000000000000e+03	2.989148721098899841e-02
4.400000000000000000e+03	4.034105688333511353e-02
4.410000000000000000e+03	2.804975956678390503e-02
4.420000000000000000e+03	2.925910241901874542e-02
4.430000000000000000e+03	2.766788937151432037e-02
4.440000000000000000e+03	3.332708775997161865e-02
4.450000000000000000e+03	3.183912485837936401e-02
4.460000000000000000e+03	2.981800585985183716e-02
4.470000000000000000e+03	2.696842700242996216e-02
4.480000000000000000e+03	3.477258235216140747e-02
4.490000000000000000e+03	3.039915114641189575e-02
4.500000000000000000e+03	4.182843863964080811e-02
4.510000000000000000e+03	3.048395551741123199e-02
4.520000000000000000e+03	3.840911760926246643e-02
4.530000000000000000e+03	2.702018804848194122e-02
4.540000000000000000e+03	2.932605519890785217e-02
4.550000000000000000e+03	3.272550180554389954e-02
4.560000000000000000e+03	2.871441468596458435e-02
4.570000000000000000e+03	3.017072007060050964e-02
4.580000000000000000e+03	2.956461533904075623e-02
4.590000000000000000e+03	2.968190796673297882e-02
4.600000000000000000e+03	3.124918788671493530e-02
4.610000000000000000e+03	3.412056714296340942e-02
4.620000000000000000e+03	2.430018037557601929e-02
4.630000000000000000e+03	2.426557242870330811e-02
4.640000000000000000e+03	3.887517005205154419e-02
4.650000000000000000e+03	2.888308465480804443e-02
4.660000000000000000e+03	3.526587784290313721e-02
4.670000000000000000e+03	2.750270441174507141e-02
4.680000000000000000e+03	2.779301255941390991e-02
4.690000000000000000e+03	2.826345339417457581e-02
4.700000000000000000e+03	3.013319149613380432e-02
4.710000000000000000e+03	3.102184087038040161e-02
4.720000000000000000e+03	3.510014340281486511e-02
4.730000000000000000e+03	2.724151685833930969e-02
4.740000000000000000e+03	3.503893688321113586e-02
4.750000000000000000e+03	3.075666725635528564e-02
4.760000000000000000e+03	3.231848776340484619e-02
4.770000000000000000e+03	3.729021549224853516e-02
4.780000000000000000e+03	3.589078411459922791e-02
4.790000000000000000e+03	3.035131283104419708e-02
4.800000000000000000e+03	2.612488344311714172e-02
4.810000000000000000e+03	2.727142907679080963e-02
4.820000000000000000e+03	2.706039510667324066e-02
4.830000000000000000e+03	4.300661757588386536e-02
4.840000000000000000e+03	2.829683199524879456e-02
4.850000000000000000e+03	3.598330542445182800e-02
4.860000000000000000e+03	3.390859067440032959e-02
4.870000000000000000e+03	3.119590319693088531e-02
4.880000000000000000e+03	3.471678495407104492e-02
4.890000000000000000e+03	2.823730558156967163e-02
4.900000000000000000e+03	3.311530128121376038e-02
4.910000000000000000e+03	3.026798926293849945e-02
4.920000000000000000e+03	3.652752935886383057e-02
4.930000000000000000e+03	3.664937615394592285e-02
4.940000000000000000e+03	3.411550074815750122e-02
4.950000000000000000e+03	2.955067157745361328e-02
4.960000000000000000e+03	3.305970132350921631e-02
4.970000000000000000e+03	3.256539627909660339e-02
4.980000000000000000e+03	3.130154311656951904e-02
4.990000000000000000e+03	3.139464929699897766e-02
5.000000000000000000e+03	3.233131021261215210e-02
5.010000000000000000e+03	3.267201781272888184e-02
5.020000000000000000e+03	2.604121714830398560e-02
5.030000000000000000e+03	2.594217658042907715e-02
5.040000000000000000e+03	3.724367544054985046e-02
5.050000000000000000e+03	2.811286598443984985e-02
5.060000000000000000e+03	3.512281179428100586e-02
5.070000000000000000e+03	2.932608313858509064e-02
5.080000000000000000e+03	3.427684307098388672e-02
5.090000000000000000e+03	2.901667356491088867e-02
5.100000000000000000e+03	2.986000664532184601e-02
5.110000000000000000e+03	3.248094394803047180e-02
5.120000000000000000e+03	3.336561471223831177e-02
5.130000000000000000e+03	2.850062027573585510e-02
5.140000000000000000e+03	2.759806811809539795e-02
5.150000000000000000e+03	2.686890400946140289e-02
5.160000000000000000e+03	3.469385206699371338e-02
5.170000000000000000e+03	3.605912998318672180e-02
5.180000000000000000e+03	3.245003893971443176e-02
5.190000000000000000e+03	3.445454686880111694e-02
5.200000000000000000e+03	2.570026367902755737e-02
5.210000000000000000e+03	3.932996839284896851e-02
5.220000000000000000e+03	3.283735364675521851e-02
5.230000000000000000e+03	2.488880977034568787e-02
5.240000000000000000e+03	3.140720352530479431e-02
5.250000000000000000e+03	2.784332074224948883e-02
5.260000000000000000e+03	2.522318251430988312e-02
5.270000000000000000e+03	3.688710927963256836e-02
5.280000000000000000e+03	2.936700545251369476e-02
5.290000000000000000e+03	2.526366896927356720e-02
5.300000000000000000e+03	2.448824048042297363e-02
5.310000000000000000e+03	2.205990999937057495e-02
5.320000000000000000e+03	2.724290452897548676e-02
5.330000000000000000e+03	2.499781548976898193e-02
5.340000000000000000e+03	2.314704656600952148e-02
5.350000000000000000e+03	3.012262843549251556e-02
5.360000000000000000e+03	2.352107688784599304e-02
5.370000000000000000e+03	2.927945181727409363e-02
5.380000000000000000e+03	3.203875944018363953e-02
5.390000000000000000e+03	3.386678546667098999e-02
5.400000000000000000e+03	2.759780175983905792e-02
5.410000000000000000e+03	3.547127917408943176e-02
5.420000000000000000e+03	3.060394525527954102e-02
5.430000000000000000e+03	2.783797122538089752e-02
5.440000000000000000e+03	2.992627955973148346e-02
5.450000000000000000e+03	2.869245409965515137e-02
5.460000000000000000e+03	2.947773598134517670e-02
5.470000000000000000e+03	2.731389179825782776e-02
5.480000000000000000e+03	3.185870498418807983e-02
5.490000000000000000e+03	3.718033432960510254e-02
5.500000000000000000e+03	1.940889656543731689e-02
5.510000000000000000e+03	2.031106874346733093e-02
5.520000000000000000e+03	3.028657101094722748e-02
5.530000000000000000e+03	3.277650102972984314e-02
5.540000000000000000e+03	3.160015121102333069e-02
5.550000000000000000e+03	2.641814574599266052e-02
5.560000000000000000e+03	2.912685833871364594e-02
5.570000000000000000e+03	2.390401065349578857e-02
5.580000000000000000e+03	2.299816161394119263e-02
5.590000000000000000e+03	2.790781855583190918e-02
5.600000000000000000e+03	2.707351744174957275e-02
5.610000000000000000e+03	2.977433800697326660e-02
5.620000000000000000e+03	2.700921148061752319e-02
5.630000000000000000e+03	2.564013190567493439e-02
5.640000000000000000e+03	3.018083609640598297e-02
5.650000000000000000e+03	3.054587729275226593e-02
5.660000000000000000e+03	3.176635503768920898e-02
5.670000000000000000e+03	2.523254975676536560e-02
5.680000000000000000e+03	3.177800029516220093e-02
5.690000000000000000e+03	3.077653795480728149e-02
5.700000000000000000e+03	3.021255135536193848e-02
5.710000000000000000e+03	2.847192250192165375e-02
5.720000000000000000e+03	2.351451478898525238e-02
5.730000000000000000e+03	2.420018985867500305e-02
5.740000000000000000e+03	2.782476507127285004e-02
5.750000000000000000e+03	1.937463134527206421e-02
5.760000000000000000e+03	2.327787131071090698e-02
5.770000000000000000e+03	2.649952657520771027e-02
5.780000000000000000e+03	2.736779488623142242e-02
5.790000000000000000e+03	3.002977557480335236e-02
5.800000000000000000e+03	2.160801365971565247e-02
5.810000000000000000e+03	2.873547933995723724e-02
5.820000000000000000e+03	2.294276468455791473e-02
5.830000000000000000e+03	2.524447068572044373e-02
5.840000000000000000e+03	3.008037060499191284e-02
5.850000000000000000e+03	2.136972546577453613e-02
5.860000000000000000e+03	2.331226691603660583e-02
5.870000000000000000e+03	2.113907411694526672e-02
5.880000000000000000e+03	2.532852441072463989e-02
5.890000000000000000e+03	2.216555736958980560e-02
5.900000000000000000e+03	2.668242529034614563e-02
5.910000000000000000e+03	2.157790213823318481e-02
5.920000000000000000e+03	2.300682663917541504e-02
5.930000000000000000e+03	2.536052465438842773e-02
5.940000000000000000e+03	3.226799890398979187e-02
5.950000000000000000e+03	2.568804845213890076e-02
5.960000000000000000e+03	2.983997017145156860e-02
5.970000000000000000e+03	2.277507632970809937e-02
5.980000000000000000e+03	2.865696884691715240e-02
5.990000000000000000e+03	2.302618324756622314e-02
6.000000000000000000e+03	2.873788028955459595e-02
6.010000000000000000e+03	2.885473519563674927e-02
6.020000000000000000e+03	3.074732795357704163e-02
6.030000000000000000e+03	3.590546548366546631e-02
6.040000000000000000e+03	4.958581924438476562e-02
6.050000000000000000e+03	4.725602641701698303e-02
6.060000000000000000e+03	3.928568959236145020e-02
6.070000000000000000e+03	1.996436901390552521e-02
6.080000000000000000e+03	5.060297623276710510e-02
6.090000000000000000e+03	7.205528765916824341e-02
6.100000000000000000e+03	5.691268295049667358e-02
6.110000000000000000e+03	6.235483661293983459e-02
6.120000000000000000e+03	8.634836971759796143e-02
6.130000000000000000e+03	7.945386320352554321e-02
6.140000000000000000e+03	7.540211826562881470e-02
6.150000000000000000e+03	1.176566928625106812e-01
6.160000000000000000e+03	1.032098531723022461e-01
6.170000000000000000e+03	7.970073074102401733e-02
6.180000000000000000e+03	5.879325792193412781e-02
6.190000000000000000e+03	8.518309146165847778e-02
6.200000000000000000e+03	6.981088966131210327e-02
6.210000000000000000e+03	6.894678622484207153e-02
6.220000000000000000e+03	9.741970896720886230e-02
6.230000000000000000e+03	5.545462667942047119e-02
6.240000000000000000e+03	7.476276159286499023e-02
6.250000000000000000e+03	1.069668233394622803e-01
6.260000000000000000e+03	1.293226033449172974e-01
6.270000000000000000e+03	9.186984598636627197e-02
6.280000000000000000e+03	1.162283122539520264e-01
6.290000000000000000e+03	9.331807494163513184e-02
6.300000000000000000e+03	1.172991618514060974e-01
6.310000000000000000e+03	7.370515167713165283e-02
6.320000000000000000e+03	8.454919606447219849e-02
6.330000000000000000e+03	6.929938495159149170e-02
6.340000000000000000e+03	1.377195119857788086e-01
6.350000000000000000e+03	8.112607896327972412e-02
6.360000000000000000e+03	9.484000504016876221e-02
6.370000000000000000e+03	7.328544557094573975e-02
6.380000000000000000e+03	1.089749038219451904e-01
6.390000000000000000e+03	1.150059998035430908e-01
6.400000000000000000e+03	1.009698659181594849e-01
6.410000000000000000e+03	8.587107062339782715e-02
6.420000000000000000e+03	8.339866995811462402e-02
6.430000000000000000e+03	1.042018830776214600e-01
6.440000000000000000e+03	9.044066816568374634e-02
6.450000000000000000e+03	1.154078915715217590e-01
6.460000000000000000e+03	1.178468614816665649e-01
6.470000000000000000e+03	6.527041643857955933e-02
6.480000000000000000e+03	8.745298534631729126e-02
6.490000000000000000e+03	6.504541635513305664e-02
6.500000000000000000e+03	7.455550134181976318e-02
6.510000000000000000e+03	8.915148675441741943e-02
6.520000000000000000e+03	1.037528514862060547e-01
6.530000000000000000e+03	1.100745350122451782e-01
6.540000000000000000e+03	9.562676399946212769e-02
6.550000000000000000e+03	1.133844256401062012e-01
6.560000000000000000e+03	1.028750389814376831e-01
6.570000000000000000e+03	7.528804987668991089e-02
6.580000000000000000e+03	1.003911122679710388e-01
6.590000000000000000e+03	8.880580216646194458e-02
6.600000000000000000e+03	7.091820985078811646e-02
6.610000000000000000e+03	9.633729606866836548e-02
6.620000000000000000e+03	8.327525109052658081e-02
6.630000000000000000e+03	9.685537219047546387e-02
6.640000000000000000e+03	1.002437919378280640e-01
6.650000000000000000e+03	9.022983908653259277e-02
6.660000000000000000e+03	8.033351600170135498e-02
6.670000000000000000e+03	7.560078799724578857e-02
6.680000000000000000e+03	6.203623116016387939e-02
6.690000000000000000e+03	9.224973618984222412e-02
6.700000000000000000e+03	6.764253973960876465e-02
6.710000000000000000e+03	9.597580134868621826e-02
6.720000000000000000e+03	6.556862592697143555e-02
6.730000000000000000e+03	7.258871942758560181e-02
6.740000000000000000e+03	8.261504024267196655e-02
6.750000000000000000e+03	6.601488590240478516e-02
6.760000000000000000e+03	1.037111133337020874e-01
6.770000000000000000e+03	6.779623031616210938e-02
6.780000000000000000e+03	7.697681337594985962e-02
6.790000000000000000e+03	6.882292032241821289e-02
6.800000000000000000e+03	5.535884201526641846e-02
6.810000000000000000e+03	6.557022035121917725e-02
6.820000000000000000e+03	6.695294380187988281e-02
6.830000000000000000e+03	7.156355679035186768e-02
6.840000000000000000e+03	7.858516275882720947e-02
6.850000000000000000e+03	7.327193021774291992e-02
6.860000000000000000e+03	6.153275072574615479e-02
6.870000000000000000e+03	6.788579374551773071e-02
6.880000000000000000e+03	4.097758978605270386e-02
6.890000000000000000e+03	5.759855359792709351e-02
6.900000000000000000e+03	5.924011766910552979e-02
6.910000000000000000e+03	6.838880479335784912e-02
6.920000000000000000e+03	6.759694963693618774e-02
6.930000000000000000e+03	6.735940277576446533e-02
6.940000000000000000e+03	4.980846121907234192e-02
6.950000000000000000e+03	4.624681919813156128e-02
6.960000000000000000e+03	5.155963450670242310e-02
6.970000000000000000e+03	4.845909774303436279e-02
6.980000000000000000e+03	3.278328850865364075e-02
6.990000000000000000e+03	5.918190628290176392e-02
7.000000000000000000e+03	3.030570782721042633e-02
7.010000000000000000e+03	6.770728528499603271e-02
7.020000000000000000e+03	5.240068212151527405e-02
7.030000000000000000e+03	3.804672509431838989e-02
7.040000000000000000e+03	4.856120049953460693e-02
7.050000000000000000e+03	4.396887868642807007e-02
7.060000000000000000e+03	3.436288610100746155e-02
7.070000000000000000e+03	4.716085642576217651e-02
7.080000000000000000e+03	3.906200826168060303e-02
7.090000000000000000e+03	4.295521229505538940e-02
7.100000000000000000e+03	2.694077044725418091e-02
7.110000000000000000e+03	2.815573662519454956e-02
7.120000000000000000e+03	2.875137887895107269e-02
7.130000000000000000e+03	2.929872833192348480e-02
7.140000000000000000e+03	3.977169096469879150e-02
7.150000000000000000e+03	3.630888089537620544e-02
7.160000000000000000e+03	2.838504314422607422e-02
7.170000000000000000e+03	3.242594003677368164e-02
7.180000000000000000e+03	3.280918300151824951e-02
7.190000000000000000e+03	2.745327912271022797e-02
7.200000000000000000e+03	3.748929873108863831e-02
7.210000000000000000e+03	3.736282140016555786e-02
7.220000000000000000e+03	3.634725511074066162e-02
7.230000000000000000e+03	4.062630236148834229e-02
7.240000000000000000e+03	2.914124913513660431e-02
7.250000000000000000e+03	3.428625687956809998e-02
7.260000000000000000e+03	3.302807360887527466e-02
7.270000000000000000e+03	2.080464363098144531e-02
7.280000000000000000e+03	3.394424915313720703e-02
7.290000000000000000e+03	4.373367875814437866e-02
7.300000000000000000e+03	3.586551919579505920e-02
7.310000000000000000e+03	1.949083432555198669e-02
7.320000000000000000e+03	3.158339485526084900e-02
7.330000000000000000e+03	3.653705120086669922e-02
7.340000000000000000e+03	3.363270312547683716e-02
7.350000000000000000e+03	3.090702742338180542e-02
7.360000000000000000e+03	3.098645247519016266e-02
7.370000000000000000e+03	3.117312677204608917e-02
7.380000000000000000e+03	3.398383408784866333e-02
7.390000000000000000e+03	2.596153877675533295e-02
7.400000000000000000e+03	4.136501997709274292e-02
7.410000000000000000e+03	2.878381870687007904e-02
7.420000000000000000e+03	4.087684676051139832e-02
7.430000000000000000e+03	2.844407036900520325e-02
7.440000000000000000e+03	3.715235367417335510e-02
7.450000000000000000e+03	3.641077131032943726e-02
7.460000000000000000e+03	2.777931094169616699e-02
7.470000000000000000e+03	2.840572781860828400e-02
7.480000000000000000e+03	3.186098113656044006e-02
7.490000000000000000e+03	2.970993705093860626e-02
7.500000000000000000e+03	3.495124354958534241e-02
7.510000000000000000e+03	2.958454564213752747e-02
7.520000000000000000e+03	2.852471359074115753e-02
7.530000000000000000e+03	2.740135602653026581e-02
7.540000000000000000e+03	3.765879571437835693e-02
7.550000000000000000e+03	2.748658135533332825e-02
7.560000000000000000e+03	3.141395002603530884e-02
7.570000000000000000e+03	3.392049670219421387e-02
7.580000000000000000e+03	3.194956108927726746e-02
7.590000000000000000e+03	3.085548058152198792e-02
7.600000000000000000e+03	2.944689616560935974e-02
7.610000000000000000e+03	3.280291706323623657e-02
7.620000000000000000e+03	2.923887968063354492e-02
7.630000000000000000e+03	3.628402203321456909e-02
7.640000000000000000e+03	3.282636776566505432e-02
7.650000000000000000e+03	3.446920588612556458e-02
7.660000000000000000e+03	3.500492870807647705e-02
7.670000000000000000e+03	2.261076867580413818e-02
7.680000000000000000e+03	2.606816589832305908e-02
7.690000000000000000e+03	2.508527971804141998e-02
7.700000000000000000e+03	3.047213330864906311e-02
7.710000000000000000e+03	2.755529433488845825e-02
7.720000000000000000e+03	3.241689875721931458e-02
7.730000000000000000e+03	2.607043087482452393e-02
7.740000000000000000e+03	2.894645743072032928e-02
7.750000000000000000e+03	3.008634038269519806e-02
7.760000000000000000e+03	2.685703709721565247e-02
7.770000000000000000e+03	2.244992554187774658e-02
7.780000000000000000e+03	3.405602648854255676e-02
7.790000000000000000e+03	2.854878641664981842e-02
7.800000000000000000e+03	2.430266514420509338e-02
7.810000000000000000e+03	2.633149176836013794e-02
7.820000000000000000e+03	3.058933652937412262e-02
7.830000000000000000e+03	2.765882015228271484e-02
7.840000000000000000e+03	3.105719760060310364e-02
7.850000000000000000e+03	3.337466344237327576e-02
7.860000000000000000e+03	2.528475411236286163e-02
7.870000000000000000e+03	3.085688501596450806e-02
7.880000000000000000e+03	2.285047620534896851e-02
7.890000000000000000e+03	2.943937480449676514e-02
7.900000000000000000e+03	2.946304902434349060e-02
7.910000000000000000e+03	2.621246129274368286e-02
7.920000000000000000e+03	3.736312314867973328e-02
7.930000000000000000e+03	2.117990702390670776e-02
7.940000000000000000e+03	2.603304013609886169e-02
7.950000000000000000e+03	2.912623435258865356e-02
7.960000000000000000e+03	2.485036849975585938e-02
7.970000000000000000e+03	2.377106621861457825e-02
7.980000000000000000e+03	2.815712057054042816e-02
7.990000000000000000e+03	3.121587634086608887e-02
8.000000000000000000e+03	3.153122961521148682e-02
8.010000000000000000e+03	2.749330736696720123e-02
8.020000000000000000e+03	2.335848659276962280e-02
8.030000000000000000e+03	3.787367045879364014e-02
8.040000000000000000e+03	3.514691814780235291e-02
8.050000000000000000e+03	4.058974981307983398e-02
8.060000000000000000e+03	4.657902196049690247e-02
8.070000000000000000e+03	5.265066400170326233e-02
8.080000000000000000e+03	3.881648927927017212e-02
8.090000000000000000e+03	3.850858658552169800e-02
8.100000000000000000e+03	3.033269755542278290e-02
8.110000000000000000e+03	3.715512529015541077e-02
8.120000000000000000e+03	8.645881712436676025e-02
8.130000000000000000e+03	5.967375636100769043e-02
8.140000000000000000e+03	4.909828305244445801e-02
8.150000000000000000e+03	5.869199708104133606e-02
8.160000000000000000e+03	6.118496507406234741e-02
8.170000000000000000e+03	4.260125756263732910e-02
8.180000000000000000e+03	5.683134496212005615e-02
8.190000000000000000e+03	5.427204817533493042e-02
8.200000000000000000e+03	7.870150357484817505e-02
8.210000000000000000e+03	4.713913053274154663e-02
8.220000000000000000e+03	6.541299819946289062e-02
8.230000000000000000e+03	5.664002895355224609e-02
8.240000000000000000e+03	4.663860052824020386e-02
8.250000000000000000e+03	6.611882895231246948e-02
8.260000000000000000e+03	5.339756980538368225e-02
8.270000000000000000e+03	6.799256801605224609e-02
8.280000000000000000e+03	7.554417848587036133e-02
8.290000000000000000e+03	7.038542628288269043e-02
8.300000000000000000e+03	6.868533790111541748e-02
8.310000000000000000e+03	6.434108316898345947e-02
8.320000000000000000e+03	7.096369564533233643e-02
8.330000000000000000e+03	7.544865459203720093e-02
8.340000000000000000e+03	6.573310494422912598e-02
8.350000000000000000e+03	7.723386585712432861e-02
8.360000000000000000e+03	8.779594302177429199e-02
8.370000000000000000e+03	9.876959025859832764e-02
8.380000000000000000e+03	8.374033868312835693e-02
8.390000000000000000e+03	6.441088020801544189e-02
8.400000000000000000e+03	9.395453333854675293e-02
8.410000000000000000e+03	7.901427894830703735e-02
8.420000000000000000e+03	5.719777941703796387e-02
8.430000000000000000e+03	7.169853150844573975e-02
8.440000000000000000e+03	7.296568155288696289e-02
8.450000000000000000e+03	7.546677440404891968e-02
8.460000000000000000e+03	7.059979438781738281e-02
8.470000000000000000e+03	8.056364953517913818e-02
8.480000000000000000e+03	7.987764477729797363e-02
8.490000000000000000e+03	7.408572733402252197e-02
8.500000000000000000e+03	1.044368967413902283e-01
8.510000000000000000e+03	7.860924303531646729e-02
8.520000000000000000e+03	8.338443189859390259e-02
8.530000000000000000e+03	7.311177998781204224e-02
8.540000000000000000e+03	9.486234933137893677e-02
8.550000000000000000e+03	6.781989336013793945e-02
8.560000000000000000e+03	6.796622276306152344e-02
8.570000000000000000e+03	8.351307362318038940e-02
8.580000000000000000e+03	7.825164496898651123e-02
8.590000000000000000e+03	8.084437251091003418e-02
8.600000000000000000e+03	8.303105086088180542e-02
8.610000000000000000e+03	5.474293977022171021e-02
8.620000000000000000e+03	7.031984627246856689e-02
8.630000000000000000e+03	1.032839864492416382e-01
8.640000000000000000e+03	8.649690449237823486e-02
8.650000000000000000e+03	6.634633243083953857e-02
8.660000000000000000e+03	8.342795819044113159e-02
8.670000000000000000e+03	7.131853699684143066e-02
8.680000000000000000e+03	6.597396731376647949e-02
8.690000000000000000e+03	5.765947699546813965e-02
8.700000000000000000e+03	7.418981194496154785e-02
8.710000000000000000e+03	7.504463940858840942e-02
8.720000000000000000e+03	7.706461101770401001e-02
8.730000000000000000e+03	6.816823780536651611e-02
8.740000000000000000e+03	5.797431990504264832e-02
8.750000000000000000e+03	9.889466315507888794e-02
8.760000000000000000e+03	8.440480381250381470e-02
8.770000000000000000e+03	8.063802868127822876e-02
8.780000000000000000e+03	6.315548717975616455e-02
8.790000000000000000e+03	6.896184384822845459e-02
8.800000000000000000e+03	9.217597544193267822e-02
8.810000000000000000e+03	6.605674326419830322e-02
8.820000000000000000e+03	5.423984304070472717e-02
8.830000000000000000e+03	7.560948282480239868e-02
8.840000000000000000e+03	5.391346290707588196e-02
8.850000000000000000e+03	6.718015670776367188e-02
8.860000000000000000e+03	5.971301719546318054e-02
8.870000000000000000e+03	5.874163657426834106e-02
8.880000000000000000e+03	6.586741656064987183e-02
8.890000000000000000e+03	6.750789284706115723e-02
8.900000000000000000e+03	5.251967161893844604e-02
8.910000000000000000e+03	5.730806291103363037e-02
8.920000000000000000e+03	4.106767475605010986e-02
8.930000000000000000e+03	6.365963816642761230e-02
8.940000000000000000e+03	6.204554438591003418e-02
8.950000000000000000e+03	4.505613446235656738e-02
8.960000000000000000e+03	4.418623819947242737e-02
8.970000000000000000e+03	4.850099980831146240e-02
8.980000000000000000e+03	3.982995823025703430e-02
8.990000000000000000e+03	4.234595969319343567e-02
9.000000000000000000e+03	5.650471150875091553e-02
9.010000000000000000e+03	4.689971357583999634e-02
9.020000000000000000e+03	3.527379035949707031e-02
9.030000000000000000e+03	5.688393115997314453e-02
9.040000000000000000e+03	4.505780339241027832e-02
9.050000000000000000e+03	5.203669518232345581e-02
9.060000000000000000e+03	3.944906592369079590e-02
9.070000000000000000e+03	5.999991297721862793e-02
9.080000000000000000e+03	3.415440395474433899e-02
9.090000000000000000e+03	4.325267672538757324e-02
9.100000000000000000e+03	5.298868566751480103e-02
9.110000000000000000e+03	3.492981940507888794e-02
9.120000000000000000e+03	4.664233326911926270e-02
9.130000000000000000e+03	3.435216099023818970e-02
9.140000000000000000e+03	4.085326194763183594e-02
9.150000000000000000e+03	3.925231471657752991e-02
9.160000000000000000e+03	3.606017306447029114e-02
9.170000000000000000e+03	4.085414484143257141e-02
9.180000000000000000e+03	3.679906576871871948e-02
9.190000000000000000e+03	3.919529914855957031e-02
9.200000000000000000e+03	3.746360540390014648e-02
9.210000000000000000e+03	3.294040262699127197e-02
9.220000000000000000e+03	3.843086585402488708e-02
9.230000000000000000e+03	2.864462696015834808e-02
9.240000000000000000e+03	4.960002005100250244e-02
9.250000000000000000e+03	2.811812236905097961e-02
9.260000000000000000e+03	3.633782267570495605e-02
9.270000000000000000e+03	2.607590891420841217e-02
9.280000000000000000e+03	3.142365440726280212e-02
9.290000000000000000e+03	3.016042523086071014e-02
9.300000000000000000e+03	1.872174441814422607e-02
9.310000000000000000e+03	3.083602711558341980e-02
9.320000000000000000e+03	2.691116929054260254e-02
9.330000000000000000e+03	2.803904376924037933e-02
9.340000000000000000e+03	3.064982779324054718e-02
9.350000000000000000e+03	3.064106963574886322e-02
9.360000000000000000e+03	4.696837440133094788e-02
9.370000000000000000e+03	3.533769398927688599e-02
9.380000000000000000e+03	3.084032237529754639e-02
9.390000000000000000e+03	2.925807610154151917e-02
9.400000000000000000e+03	2.518115378916263580e-02
9.410000000000000000e+03	3.436203300952911377e-02
9.420000000000000000e+03	3.186088800430297852e-02
9.430000000000000000e+03	3.356291353702545166e-02
9.440000000000000000e+03	3.176704794168472290e-02
9.450000000000000000e+03	2.704412862658500671e-02
9.460000000000000000e+03	2.988905645906925201e-02
9.470000000000000000e+03	3.103021532297134399e-02
9.480000000000000000e+03	3.143765032291412354e-02
9.490000000000000000e+03	2.381366677582263947e-02
9.500000000000000000e+03	3.380281478166580200e-02
9.510000000000000000e+03	3.084225207567214966e-02
9.520000000000000000e+03	2.788358181715011597e-02
9.530000000000000000e+03	2.982155233621597290e-02
9.540000000000000000e+03	3.292113170027732849e-02
9.550000000000000000e+03	2.719348482787609100e-02
9.560000000000000000e+03	3.063954599201679230e-02
9.570000000000000000e+03	2.408529818058013916e-02
9.580000000000000000e+03	3.654770925641059875e-02
9.590000000000000000e+03	2.954729832708835602e-02
9.600000000000000000e+03	3.257616981863975525e-02
9.610000000000000000e+03	1.988512277603149414e-02
9.620000000000000000e+03	2.618856355547904968e-02
9.630000000000000000e+03	3.011259064078330994e-02
9.640000000000000000e+03	3.311187028884887695e-02
9.650000000000000000e+03	3.322474285960197449e-02
9.660000000000000000e+03	2.270417660474777222e-02
9.670000000000000000e+03	2.889271080493927002e-02
9.680000000000000000e+03	2.478264831006526947e-02
9.690000000000000000e+03	2.198601141571998596e-02
9.700000000000000000e+03	3.102337010204792023e-02
9.710000000000000000e+03	2.770414762198925018e-02
9.720000000000000000e+03	3.055983781814575195e-02
9.730000000000000000e+03	2.654112875461578369e-02
9.740000000000000000e+03	2.300298400223255157e-02
9.750000000000000000e+03	3.231649473309516907e-02
9.760000000000000000e+03	2.800519019365310669e-02
9.770000000000000000e+03	2.431790344417095184e-02
9.780000000000000000e+03	2.886695601046085358e-02
9.790000000000000000e+03	2.802130952477455139e-02
9.800000000000000000e+03	2.931481972336769104e-02
9.810000000000000000e+03	2.903616614639759064e-02
9.820000000000000000e+03	2.497141249477863312e-02
9.830000000000000000e+03	3.438307344913482666e-02
9.840000000000000000e+03	2.153121680021286011e-02
9.850000000000000000e+03	2.614774554967880249e-02
9.860000000000000000e+03	3.319105133414268494e-02
9.870000000000000000e+03	2.799676358699798584e-02
9.880000000000000000e+03	3.070181049406528473e-02
9.890000000000000000e+03	3.388167917728424072e-02
9.900000000000000000e+03	2.377102896571159363e-02
9.910000000000000000e+03	2.379689365625381470e-02
9.920000000000000000e+03	2.780332043766975403e-02
9.930000000000000000e+03	3.134623169898986816e-02
9.940000000000000000e+03	3.184056282043457031e-02
9.950000000000000000e+03	2.717352844774723053e-02
9.960000000000000000e+03	2.871458232402801514e-02
9.970000000000000000e+03	2.167025953531265259e-02
9.980000000000000000e+03	3.333692997694015503e-02
9.990000000000000000e+03	2.602803334593772888e-02
